,comment_length,count,cum_count
47,1,32393,32393
179,2,29954,62347
58,3,39701,102048
101,4,40546,142594
72,5,41021,183615
54,6,39610,223225
110,7,36757,259982
104,8,33528,293510
95,9,31372,324882
125,10,27524,352406
163,11,25454,377860
27,12,22155,400015
51,13,20099,420114
173,14,18028,438142
81,15,15817,453959
53,16,14210,468169
96,17,12327,480496
195,18,11225,491721
74,19,10027,501748
61,20,8753,510501
148,21,7819,518320
31,22,6860,525180
107,23,6289,531469
139,24,5466,536935
135,25,4907,541842
22,26,4510,546352
21,27,4076,550428
17,28,3689,554117
147,29,3251,557368
184,30,2907,560275
1,31,2577,562852
152,32,2376,565228
164,33,2144,567372
11,34,1953,569325
98,35,1818,571143
201,36,1576,572719
88,37,1509,574228
130,38,1336,575564
108,39,1417,576981
62,40,1223,578204
79,41,1105,579309
177,42,972,580281
82,43,899,581180
23,44,851,582031
129,45,824,582855
188,46,741,583596
41,47,708,584304
71,48,689,584993
109,49,629,585622
128,50,520,586142
117,51,521,586663
49,52,537,587200
6,53,464,587664
68,54,381,588045
102,55,398,588443
159,56,353,588796
67,57,335,589131
162,58,359,589490
103,59,328,589818
153,60,255,590073
89,61,249,590322
141,62,249,590571
124,63,237,590808
77,64,223,591031
5,65,188,591219
187,66,187,591406
189,67,158,591564
168,68,170,591734
119,69,176,591910
140,70,171,592081
169,71,128,592209
97,72,122,592331
136,73,118,592449
196,74,135,592584
155,75,116,592700
20,76,102,592802
126,77,87,592889
8,78,90,592979
180,79,92,593071
133,80,93,593164
16,81,93,593257
131,82,73,593330
165,83,79,593409
114,84,71,593480
2,85,63,593543
55,86,90,593633
116,87,55,593688
91,88,55,593743
204,89,53,593796
154,90,51,593847
29,91,51,593898
75,92,53,593951
36,93,46,593997
66,94,43,594040
146,95,38,594078
70,96,39,594117
121,97,27,594144
150,98,40,594184
185,99,38,594222
105,100,31,594253
15,101,36,594289
127,102,34,594323
26,103,40,594363
198,104,28,594391
161,105,32,594423
170,106,39,594462
94,107,27,594489
9,108,24,594513
160,109,28,594541
166,110,26,594567
39,111,29,594596
84,112,21,594617
138,113,24,594641
99,114,14,594655
13,115,20,594675
171,116,23,594698
78,117,17,594715
182,118,11,594726
178,119,20,594746
69,120,15,594761
143,121,16,594777
35,122,24,594801
174,123,19,594820
183,124,19,594839
142,125,19,594858
14,126,18,594876
90,127,11,594887
32,128,13,594900
120,129,17,594917
112,130,18,594935
221,131,7,594942
44,132,6,594948
7,133,12,594960
200,134,10,594970
175,135,14,594984
115,136,7,594991
3,137,7,594998
197,138,10,595008
63,139,13,595021
42,140,8,595029
219,141,6,595035
60,142,8,595043
238,143,4,595047
194,144,6,595053
158,145,7,595060
45,146,8,595068
172,147,7,595075
205,148,4,595079
181,149,11,595090
167,150,8,595098
218,151,5,595103
248,152,2,595105
193,153,8,595113
80,154,12,595125
10,155,11,595136
144,156,5,595141
37,157,8,595149
271,158,2,595151
25,159,16,595167
217,160,4,595171
229,161,1,595172
111,162,7,595179
73,163,17,595196
250,164,1,595197
209,165,2,595199
214,166,2,595201
216,167,3,595204
56,168,3,595207
207,169,2,595209
220,170,2,595211
236,171,1,595212
192,172,5,595217
255,173,5,595222
190,174,5,595227
226,175,2,595229
212,176,4,595233
43,177,3,595236
59,178,5,595241
86,179,2,595243
199,180,5,595248
237,181,3,595251
50,182,2,595253
18,183,7,595260
186,184,2,595262
223,185,1,595263
263,186,1,595264
85,189,3,595267
245,190,1,595268
232,191,1,595269
24,192,2,595271
12,193,3,595274
118,194,3,595277
151,195,3,595280
267,196,1,595281
92,197,4,595285
270,198,1,595286
258,200,2,595288
262,201,4,595292
93,202,4,595296
239,203,2,595298
57,205,5,595303
48,206,7,595310
87,207,3,595313
202,208,4,595317
33,209,13,595330
19,210,2,595332
243,211,1,595333
231,213,4,595337
149,214,2,595339
191,215,9,595348
273,216,2,595350
145,219,1,595351
100,220,2,595353
157,221,1,595354
30,222,1,595355
28,223,1,595356
40,224,1,595357
246,225,1,595358
230,226,1,595359
208,227,2,595361
228,229,1,595362
123,234,1,595363
256,238,1,595364
122,239,1,595365
134,240,2,595367
106,241,1,595368
260,242,1,595369
0,243,4,595373
113,244,28,595401
137,245,2,595403
38,246,3,595406
176,248,2,595408
215,249,1,595409
65,250,1,595410
4,251,2,595412
259,254,1,595413
251,258,2,595415
46,259,19,595434
240,260,3,595437
234,262,1,595438
235,263,1,595439
156,265,1,595440
276,271,1,595441
222,275,1,595442
272,276,2,595444
254,278,1,595445
233,279,1,595446
52,280,1,595447
274,284,1,595448
210,286,1,595449
269,287,1,595450
132,288,2,595452
241,294,1,595453
225,299,3,595456
206,300,1,595457
211,301,3,595460
224,306,1,595461
203,315,2,595463
252,316,1,595464
275,332,1,595465
249,348,1,595466
277,351,1,595467
278,352,1,595468
247,360,1,595469
242,362,1,595470
34,372,1,595471
227,381,1,595472
265,397,1,595473
257,414,1,595474
264,431,1,595475
268,446,1,595476
266,489,1,595477
244,501,1,595478
253,502,1,595479
261,522,1,595480
76,560,1,595481
64,881,2,595483
213,958,1,595484
83,1136,1,595485
