,comment_length,count,cum_count
31,1,651,651
137,2,229,880
38,3,297,1177
73,4,295,1472
50,5,315,1787
35,6,286,2073
81,7,269,2342
76,8,268,2610
67,9,260,2870
92,10,286,3156
123,11,222,3378
19,12,227,3605
34,13,211,3816
132,14,200,4016
56,15,214,4230
36,16,199,4429
68,17,168,4597
148,18,153,4750
51,19,144,4894
41,20,132,5026
111,21,122,5148
22,22,117,5265
78,23,113,5378
103,24,112,5490
100,25,123,5613
15,26,100,5713
16,27,92,5805
13,28,76,5881
110,29,81,5962
143,30,51,6013
2,31,51,6064
113,32,64,6128
124,33,60,6188
10,34,57,6245
71,35,52,6297
151,36,43,6340
61,37,58,6398
97,38,48,6446
79,39,49,6495
42,40,45,6540
55,41,45,6585
135,42,33,6618
57,43,36,6654
17,44,27,6681
96,45,27,6708
146,46,37,6745
29,47,24,6769
49,48,31,6800
80,49,23,6823
95,50,26,6849
86,51,27,6876
32,52,23,6899
6,53,23,6922
47,54,22,6944
74,55,22,6966
120,56,12,6978
46,57,22,7000
122,58,12,7012
75,59,12,7024
114,60,16,7040
62,61,12,7052
105,62,11,7063
91,63,11,7074
53,64,13,7087
5,65,10,7097
145,66,9,7106
147,67,11,7117
129,68,16,7133
87,69,9,7142
104,70,14,7156
130,71,9,7165
70,72,5,7170
101,73,13,7183
149,74,9,7192
116,75,7,7199
14,76,5,7204
93,77,9,7213
8,78,13,7226
138,79,11,7237
99,80,11,7248
12,81,9,7257
98,82,8,7265
125,83,5,7270
83,84,2,7272
4,85,6,7278
37,86,8,7286
85,87,4,7290
64,88,6,7296
152,89,8,7304
115,90,6,7310
20,91,5,7315
52,92,4,7319
26,93,5,7324
44,94,8,7332
109,95,2,7334
48,96,6,7340
90,97,6,7346
112,98,3,7349
144,99,7,7356
77,100,3,7359
11,101,3,7362
94,102,8,7370
157,103,1,7371
185,104,2,7373
174,105,1,7374
128,106,2,7376
66,107,3,7379
9,108,4,7383
121,109,2,7385
126,110,3,7388
28,111,3,7391
58,112,5,7396
166,114,2,7398
154,115,4,7402
182,116,1,7403
54,117,2,7405
141,118,4,7409
136,119,2,7411
106,121,3,7414
24,122,3,7417
133,123,3,7420
142,124,2,7422
107,125,3,7425
155,126,1,7426
63,127,2,7428
158,128,1,7429
89,129,2,7431
139,131,2,7433
30,132,2,7435
7,133,2,7437
150,134,2,7439
175,135,2,7441
184,138,1,7442
43,139,2,7444
117,141,1,7445
39,142,2,7447
108,143,4,7451
183,144,1,7452
181,145,1,7453
131,147,2,7455
140,149,2,7457
127,150,1,7458
118,151,1,7459
160,152,2,7461
179,154,1,7462
167,161,1,7463
82,162,1,7464
88,166,1,7465
162,169,1,7466
72,173,1,7467
177,174,1,7468
180,176,1,7469
40,178,2,7471
60,179,4,7475
170,181,1,7476
156,183,1,7477
59,189,2,7479
153,193,1,7480
169,194,1,7481
171,195,1,7482
119,200,1,7483
176,201,1,7484
65,202,1,7485
23,209,1,7486
186,211,1,7487
33,212,1,7488
161,218,1,7489
165,220,1,7490
21,222,1,7491
173,228,1,7492
164,229,1,7493
25,230,1,7494
69,231,1,7495
27,232,1,7496
18,236,1,7497
0,243,1,7498
159,246,1,7499
45,250,1,7500
3,251,1,7501
178,252,1,7502
172,256,1,7503
84,314,1,7504
168,380,1,7505
1,392,1,7506
163,441,1,7507
134,499,1,7508
188,527,1,7509
102,591,1,7510
187,721,1,7511
